<!DOCTYPE html>
<html>
  
  <head data-gwd-animation-mode="proMode">
    <title>Banner</title>
    <meta http-equiv="Content-Type" content="text/html; charset=utf-8">
    <meta name="generator" content="Google Web Designer 1.0.0.924">
    <!-- Bootstrap core CSS -->
    <link href="http://getbootstrap.com/dist/css/bootstrap.css" rel="stylesheet">

    <!-- HTML5 shim and Respond.js IE8 support of HTML5 elements and media queries -->
    <!--[if lt IE 9]>
      <script src="../../assets/js/html5shiv.js"></script>
      <script src="../../assets/js/respond.min.js"></script>
    <![endif]-->
    <style type="text/css">/* Flexible iFrame */

.Flexible-container {
    position: relative;
    padding-bottom: 56.25%;
    padding-top: 30px;
    height: 0;
    overflow: hidden;
}

.Flexible-container iframe,   
.Flexible-container object,  
.Flexible-container embed {
    position: absolute;
    top: 0;
    left: 0;
    width: 100%;
    height: 100%;
}</style>

    <!-- Custom styles for this template -->
    <style type="text/css">
      html, body {
        width: 100%;
        height: 100%;
        margin: 0px;
      }
      body {
        background-color: transparent;
        -webkit-transform: perspective(1400px) matrix3d(1, 0, 0, 0, 0, 1, 0, 0, 0, 0, 1, 0, 0, 0, 0, 1);
        -webkit-transform-style: preserve-3d;
      }
      .gwd-img-sjji {
        position: absolute;
        -webkit-transform-style: preserve-3d;
        top: 37px;
        left: 398px;
        width: 98px;
        height: 285px;
        -webkit-transform: matrix3d(0.9419277446, 0.33581561, 0, 0, -0.33581561, 0.9419277446, 0, 0, 0, 0, 1, 0, 608.9246926008, 20.1281653297, 0, 1);
      }
      .gwd-img-58ck {
        position: absolute;
        -webkit-transform-origin: 51px 141.5px 0px;
        -webkit-transform-style: preserve-3d;
        top: 36.49999999999983px;
        left: 497px;
        width: 102px;
        height: 283px;
        -webkit-transform: matrix3d(0.9412728122, 0.3376025588, -0.0054777111, 0, -0.3376251977, 0.9412725166, -0.0039083887, 0, 0.0038365369, 0.0055282733, 0.9999773594, 0, 626.8019073133, 23.9575113439, 0.0069312521, 1);
      }
      .gwd-img-0nui {
        position: absolute;
        -webkit-transform-style: preserve-3d;
        top: 51.29450915459165px;
        left: 648.7410883903685px;
        width: 100px;
        height: 287px;
        -webkit-transform: matrix3d(0.9390830405, 0.3436903301, 0, 0, -0.3436903301, 0.9390830405, 0, 0, 0, 0, 1, 0, 580, 10.4429328168, 0, 1);
      }
      .gwd-img-k4u6 {
        position: absolute;
        -webkit-transform-style: preserve-3d;
        top: 35px;
        left: 755.3147279024064px;
        width: 102px;
        height: 283px;
        -webkit-transform: matrix3d(0.9408311753, 0.3388756403, 0, 0, -0.3388756403, 0.9408311753, 0, 0, 0, 0, 1, 0, 579.3052012322, 34.9102689603, 0, 1);
      }
      .gwd-img-fia3 {
        position: absolute;
        -webkit-transform-style: preserve-3d;
        top: 57.41026896029996px;
        left: 854.4404343239245px;
        width: 102px;
        height: 289px;
        -webkit-transform: matrix3d(0.9364508331, 0.3506248004, -0.0110492752, 0, -0.3503824794, 0.9364094164, 0.0192229818, 0, 0.0170866995, -0.0141299049, 0.999754165, 0, 586.918298737, 10.9740551623, 0, 1);
      }
      .gwd-img-9gov {
        position: absolute;
        -webkit-transform-style: preserve-3d;
        top: 47px;
        left: 977px;
        width: 126px;
        height: 266px;
        -webkit-transform: matrix3d(0.9374562398, 0.3481031435, 0, 0, -0.3481031435, 0.9374562398, 0, 0, 0, 0, 1, 0, 568.9213180244, 48.4706045481, 0, 1);
      }
      .gwd-img-mqps {
        position: absolute;
        -webkit-transform-origin: 199px 177.5px 0px;
        -webkit-transform-style: preserve-3d;
        top: 37px;
        left: 0px;
        width: 398px;
        height: 355px;
        -webkit-transform: matrix3d(0.9481992675, 0.3176462035, 0.0043633093, 0, -0.3174833801, 0.9480128814, -0.0218146774, 0, -0.0110658229, 0.0192993829, 0.99975251, 0, -20.9831170928, -38.964000285, 0, 1);
      }
      .gwd-gen-8thogwdanimation {
        -webkit-animation: gwd-gen-8thogwdanimation_gwd-keyframes 0.5s linear 0.5s 1 forwards;
      }
      .gwd-gen-8bd7gwdanimation {
        -webkit-animation: gwd-gen-8bd7gwdanimation_gwd-keyframes 0.5s linear 1s 1 forwards;
      }
      .gwd-gen-pqkggwdanimation {
        -webkit-animation: gwd-gen-pqkggwdanimation_gwd-keyframes 0.5s linear 1.5s 1 forwards;
      }
      .gwd-gen-vzjbgwdanimation {
        -webkit-animation: gwd-gen-vzjbgwdanimation_gwd-keyframes 0.5s linear 2s 1 forwards;
      }
      .gwd-gen-c3m6gwdanimation {
        -webkit-animation: gwd-gen-c3m6gwdanimation_gwd-keyframes 0.5s linear 0s 1 forwards;
      }
      @-webkit-keyframes gwd-gen-c3m6gwdanimation_gwd-keyframes {
        0% {
          top: 37px;
          left: 398px;
          width: 98px;
          height: 285px;
          -webkit-transform: matrix3d(0.9419277446, 0.33581561, 0, 0, -0.33581561, 0.9419277446, 0, 0, 0, 0, 1, 0, 608.9246926008, 20.1281653297, 0, 1);
          -webkit-animation-timing-function: linear;
        }
        100% {
          top: 37px;
          left: 398px;
          width: 98px;
          height: 285px;
          -webkit-transform: matrix3d(0.9419277446, 0.33581561, 0, 0, -0.33581561, 0.9419277446, 0, 0, 0, 0, 1, 0, -13.0753073992, 8.1281653297, 0, 1);
          -webkit-animation-timing-function: linear;
        }
      }
      @-webkit-keyframes gwd-gen-8thogwdanimation_gwd-keyframes {
        0% {
          top: 36.49999999999983px;
          left: 497px;
          width: 102px;
          height: 283px;
          -webkit-transform: matrix3d(0.9412728122, 0.3376025588, -0.0054777111, 0, -0.3376251977, 0.9412725166, -0.0039083887, 0, 0.0038365369, 0.0055282733, 0.9999773594, 0, 626.8019073133, 23.9575113439, 0.0069312521, 1);
          -webkit-animation-timing-function: linear;
        }
        100% {
          top: 36.49999999999983px;
          left: 497px;
          width: 102px;
          height: 283px;
          -webkit-transform: matrix3d(0.9412728122, 0.3376025588, -0.0054777111, 0, -0.3376251977, 0.9412725166, -0.0039083887, 0, 0.0038365369, 0.0055282733, 0.9999773594, 0, -8.0754474275, 8.9726533793, 0.0069312521, 1);
          -webkit-animation-timing-function: linear;
        }
      }
      @-webkit-keyframes gwd-gen-8bd7gwdanimation_gwd-keyframes {
        0% {
          top: 51.29450915459165px;
          left: 648.7410883903685px;
          width: 100px;
          height: 287px;
          -webkit-transform: matrix3d(0.9390830405, 0.3436903301, 0, 0, -0.3436903301, 0.9390830405, 0, 0, 0, 0, 1, 0, 580, 10.4429328168, 0, 1);
          -webkit-animation-timing-function: linear;
        }
        100% {
          top: 51.29450915459165px;
          left: 648.7410883903685px;
          width: 100px;
          height: 287px;
          -webkit-transform: matrix3d(0.9390830405, 0.3436903301, 0, 0, -0.3436903301, 0.9390830405, 0, 0, 0, 0, 1, 0, -55.0753073992, -5.0272452623, 0, 1);
          -webkit-animation-timing-function: linear;
        }
      }
      @-webkit-keyframes gwd-gen-pqkggwdanimation_gwd-keyframes {
        0% {
          top: 35px;
          left: 755.3147279024064px;
          width: 102px;
          height: 283px;
          -webkit-transform: matrix3d(0.9408311753, 0.3388756403, 0, 0, -0.3388756403, 0.9408311753, 0, 0, 0, 0, 1, 0, 579.3052012322, 34.9102689603, 0, 1);
          -webkit-animation-timing-function: linear;
        }
        100% {
          top: 35px;
          left: 755.3147279024064px;
          width: 102px;
          height: 283px;
          -webkit-transform: matrix3d(0.9408311753, 0.3388756403, 0, 0, -0.3388756403, 0.9408311753, 0, 0, 0, 0, 1, 0, -57.0753073992, 19.9727547377, 0, 1);
          -webkit-animation-timing-function: linear;
        }
      }
      @-webkit-keyframes gwd-gen-vzjbgwdanimation_gwd-keyframes {
        0% {
          top: 57.41026896029996px;
          left: 854.4404343239245px;
          width: 102px;
          height: 289px;
          -webkit-transform: matrix3d(0.9364508331, 0.3506248004, -0.0110492752, 0, -0.3503824794, 0.9364094164, 0.0192229818, 0, 0.0170866995, -0.0141299049, 0.999754165, 0, 586.918298737, 10.9740551623, 0, 1);
          -webkit-animation-timing-function: linear;
        }
        100% {
          top: 57.41026896029996px;
          left: 854.4404343239245px;
          width: 102px;
          height: 289px;
          -webkit-transform: matrix3d(0.9364508331, 0.3506248004, -0.0110492752, 0, -0.3503824794, 0.9364094164, 0.0192229818, 0, 0.0170866995, -0.0141299049, 0.999754165, 0, -49.3276193792, -4.0317447933, 0, 1);
          -webkit-animation-timing-function: linear;
        }
      }
      .gwd-gen-f64tgwdanimation {
        -webkit-animation: gwd-gen-f64tgwdanimation_gwd-keyframes 0.5s linear 2.5s 1 forwards;
      }
      @-webkit-keyframes gwd-gen-f64tgwdanimation_gwd-keyframes {
        0% {
          top: 47px;
          left: 977px;
          width: 126px;
          height: 266px;
          -webkit-transform: matrix3d(0.9374562398, 0.3481031435, 0, 0, -0.3481031435, 0.9374562398, 0, 0, 0, 0, 1, 0, 568.9213180244, 48.4706045481, 0, 1);
          -webkit-animation-timing-function: linear;
        }
        100% {
          top: 47px;
          left: 977px;
          width: 126px;
          height: 266px;
          -webkit-transform: matrix3d(0.9374562398, 0.3481031435, 0, 0, -0.3481031435, 0.9374562398, 0, 0, 0, 0, 1, 0, -69.0786819756, 34.4706045481, 0, 1);
          -webkit-animation-timing-function: linear;
        }
      }
    </style>
  </head>
  
  <body>


  <div class="navbar-wrapper">
      <div class="container">
        <div class="navbar navbar-inverse navbar-fixed-top">
          <div class="container">
            <div class="navbar-header">
              <button type="button" class="navbar-toggle" data-toggle="collapse" data-target=".navbar-collapse">
                <span class="icon-bar"></span>
                <span class="icon-bar"></span>
                <span class="icon-bar"></span>
              </button>
              <a class="navbar-brand" href="#">Coldeportes</a>
            </div>
            <div class="navbar-collapse collapse">
              <ul class="nav navbar-nav">
                <li class="active" ><a href="index.html">Menú principal</a></li>
                <li ><a href="mapa.html">Escenarios deportivos</a></li>
                <li ><a href="calendario.html">Calendario</a></li>
              </ul>
            </div>
          </div>
        </div>
      </div>
    </div>


<div class="container">
    <header>
    <div class="row" >
    <div class="col-lg-12 ">
    <div class="Flexible-container">
    <img src="rsz_5138132613637410.png" class="gwd-img-9gov gwd-gen-f64tgwdanimation" id="Sexta">
    <img src="rsz_4138132613637410.png" class="gwd-img-fia3 gwd-gen-vzjbgwdanimation" id="Quinta">
    <img src="rsz_3138132613637410.png" class="gwd-img-k4u6 gwd-gen-pqkggwdanimation" id="Cuarta">
    <img src="rsz_2138132613637410.png" class="gwd-img-0nui gwd-gen-8bd7gwdanimation" id="Tercera">
    <img src="rsz_1138132613637410.png" class="gwd-img-58ck gwd-gen-8thogwdanimation" id="Segunda">
    <img src="rsz_138132613637410.png" class="gwd-img-sjji gwd-gen-c3m6gwdanimation" id="Primera">
    <img src="rsz_6138132613637410.png" class="gwd-img-mqps" id="Logo">
    </div>
    </div>
      


      <div class="col-lg-12">
   <div class="well" style="max-width: 800px; margin: 0 auto 10px;">
        <a href="mapa.html" type="button" class="btn btn-primary btn-lg btn-block">Escenarios deportivos</a>
        <a href="calendario.html" type="button" class="btn btn-primary btn-lg btn-block">Calendario</a>
    </div>
  </div>
      
    </div>
  </header>

  
        
      
  
  
  
  
  </div>
  
  
    






    <script src="http://ajax.googleapis.com/ajax/libs/jquery/1/jquery.min.js"></script>
    <script src="http://getbootstrap.com/dist/js/bootstrap.js"></script>
    <script src="js/holder.js"></script>
  </body>

</html>




